AP: 53.56379931424953
AP50: 66.56119218755015
AP75: 57.2882729509504
APs: 0.0
APm: 0.0
APl: 53.8006248294402
AP-Text: 60.647311135977525
AP-Title: 39.526770943820985
AP-List: 48.01980198019802
AP-Table: 84.5519801980198
AP-Figure: 35.073132313231326
